Mean: 0.592795651
Variance: 8.782758057198988E-6
